30 0
3.45871 2525
4.08581 1835
8.15118 9130
30 0
5.30254 4976
30 0
30 0
0.00721696 5
0.233364 251
0.0070508 7
30 0
30 0
30 0
30 0
30 0
0.266703 149
0.00298028 3
0.00416966 5
0.0664437 83
30 0
30 0
30 0
2.05098 937
30 0
0.0805434 123
7.03367 3469
0.00923114 7
0.577159 279
30 0
0.0389095 9
0.163162 65
3.22356 3946
0.614159 123
0.172167 207
30 0
30 0
30 0
0.0491517 24
30 0
30 0
30 0
30 0
0.0715498 65
10.2831 11178
0.424357 285
30 0
0.0597265 13
10.1129 10677
30 0
0.0032419 1
0.0160354 17
0.0159365 5
30 0
30 0
0.0129525 7
30 0
0.0129733 7
30 0
0.627309 117
0.119279 55
0.148193 123
0.906545 845
3.64427 2465
2.00181 447
30 0
2.94966 1625
16.1248 12760
0.128149 209
0.524564 101
0.142463 77
5.57267 2621
5.67054 2414
30 0
3.38498 1829
30 0
30 0
0.750972 930
0.955623 589
5.45184 1641
4.7509 2573
0.138161 15
11.5841 2825
30 0
30 0
30 0
1.22244 731
0.164413 227
30 0
30 0
0.0222438 25
30 0
0.172726 33
17.723 11287
0.133317 103
30 0
30 0
12.6305 10499
7.79732 2279
0.0998532 81
