0.00285612 3
0.000844505 1
0.00467798 3
0.036334 7
0.00356162 3
0.00164423 1
0.00111421 1
0.000925894 1
0.00166498 1
0.0739962 11
0.000771784 1
0.00237104 5
0.00756567 5
0.00825773 5
0.00207386 1
0.00154576 1
0.00125754 1
0.00158858 1
0.000955144 1
0.00188732 1
0.00249297 5
0.00109753 1
0.00127172 1
0.00142003 1
0.185727 39
0.00246814 1
0.065216 35
0.00437709 3
0.561547 377
0.00122598 1
0.00808773 11
0.00185866 1
0.0297895 63
0.00386291 7
0.00234442 1
0.00234404 3
0.0122903 7
0.00114642 1
0.00207543 1
0.00365426 3
0.00180033 1
0.0016137 1
0.0295338 71
0.302642 199
0.0025251 1
0.00132386 3
0.0035059 3
0.00178194 3
0.00451965 3
0.00155491 1
0.0605763 71
0.00223815 1
0.00212432 1
0.00137002 1
0.533121 63
0.00547025 5
0.00154536 1
0.00555614 9
0.0010552 1
0.00218472 1
0.0101063 7
0.00403966 3
0.00176413 1
0.00140992 1
0.00150275 1
0.00203342 1
0.00437044 3
0.00252429 5
0.000924548 1
0.00917583 11
0.00242907 3
0.00096934 1
0.00170147 1
0.00119206 1
0.0580107 13
0.00409915 3
0.000686734 1
0.000607753 1
0.00229481 1
0.0018267 1
0.0186913 7
0.0195611 3
0.00329234 5
0.00151772 1
0.00101272 1
0.00785294 9
0.0114608 13
0.00351854 3
0.0256485 9
0.00229393 3
0.00166717 3
0.00124225 1
0.000721901 1
0.00425797 3
0.00234508 1
0.00116327 1
0.00385672 5
0.000777399 1
0.00415193 3
0.0228667 11
