0.0658274 65
0.00194079 1
0.00122764 1
0.0011821 1
0.00292342 1
0.00295556 1
0.0163351 21
0.0718551 69
0.103971 77
0.00187885 1
0.00203777 1
0.00267988 1
0.00345955 3
0.00126895 1
0.00876976 7
0.00469816 3
0.00167983 1
0.00828242 17
0.00427188 1
0.00125101 1
0.00218053 1
0.00849778 3
0.00435511 5
0.0151246 11
0.0011016 1
0.00490515 3
0.0101695 7
0.103883 101
0.00736586 5
0.00351205 1
0.014255 11
0.00468968 3
0.00660159 3
0.162488 47
0.855757 364
0.0120988 17
0.00144026 1
0.00529136 7
0.00454088 5
0.00191928 3
0.00358715 3
0.00132978 1
0.013632 3
0.0344994 23
0.20035 265
0.00227706 1
0.00276882 3
0.00125172 1
0.0993769 117
0.00441777 3
0.0816551 85
0.00302151 3
0.250969 335
0.018659 5
0.0792226 47
0.00368904 3
0.0718084 35
0.00480492 1
0.124163 17
0.115761 25
0.0437765 19
0.0028554 1
0.00989611 3
0.0378764 7
0.248156 151
0.0115727 9
0.0176536 5
0.0272376 3
0.00435986 1
0.00345644 1
0.0157636 5
0.0286992 3
0.00256793 1
0.00360612 1
0.168921 7
0.0838025 47
0.00317883 1
0.0182244 7
0.0345287 11
0.108489 17
0.00956411 5
0.00855443 3
0.0399846 27
0.00871295 5
0.00361903 1
0.00472971 3
0.0120836 5
0.127356 67
0.0605474 17
1.13181 65
0.126138 17
0.00786952 5
8.85936 1731
0.0158661 11
0.0018467 1
0.0018936 1
0.00842245 5
0.0218098 35
0.0118922 11
0.00284246 1
