0.00302245 1
0.00248628 1
0.0638135 123
0.00232336 1
0.0119516 21
0.0309502 25
0.045931 27
60 0
0.137846 27
8.13026 6539
0.0161252 33
0.0193812 14
60 0
0.00234559 3
0.013602 13
0.00755581 9
0.0443626 7
0.0121701 7
0.00741644 11
0.0351514 5
0.0043914 3
0.0684977 21
0.00241975 1
0.00170024 1
0.00254812 1
32.1512 13273
0.54293 235
1.26581 151
0.0223175 3
0.00253868 3
0.313511 59
0.086446 85
0.0070901 3
0.147263 274
9.558 4666
0.00799018 13
0.00138189 1
0.0195998 7
0.0686404 83
0.212169 37
0.048749 23
0.00345165 3
0.00523633 3
0.0544231 31
3.99152 7453
0.0110075 5
9.76355 4293
0.0208943 11
0.00822954 11
0.0104277 9
0.00927613 5
0.010898 11
0.0113321 3
0.0826074 39
0.00237561 1
19.3312 5391
0.0268277 7
0.0100521 7
0.00538131 5
0.00117322 1
0.0140867 5
0.0276793 13
0.00237958 1
0.365069 353
0.159281 49
0.00273946 1
0.00330878 3
0.0015784 1
0.00595955 5
0.132257 169
0.0423446 18
0.00987293 17
0.00345616 3
0.00213011 1
0.00570705 3
0.00642709 3
0.00202592 1
0.0753191 55
0.0096664 7
0.105057 91
0.00232029 1
0.00399152 3
0.0116308 5
0.0034894 5
60 0
0.22367 67
0.00511955 7
0.00280745 3
0.00383647 3
1.36722 1347
60 0
0.124827 101
0.31944 173
0.0536689 49
0.170421 23
0.017302 16
0.0148576 12
0.00335237 3
0.0385167 19
1.53335 215
