0.073157 33
0.23907 275
0.0579143 27
0.00415675 1
0.014024 9
0.0224976 3
0.0831776 57
0.00471659 3
13.4051 3937
0.137831 71
3.00984 2697
0.154267 33
0.0058085 3
0.0035096 3
0.0477099 33
0.0377403 3
0.00761184 7
0.00218158 1
0.00475555 3
8.48065 3995
0.00318471 1
0.00882152 7
0.00396499 3
0.0479767 21
0.0164652 15
0.0163282 11
0.00821366 9
0.015958 13
0.0206598 9
3.22826 813
0.117295 82
0.00342151 1
0.0651983 113
4.55267 1381
0.00176836 1
0.0409607 81
0.0288547 19
0.0290224 11
0.0028944 1
0.950823 305
0.425198 188
0.0320323 37
0.140836 73
0.0274078 17
0.302643 201
0.00359586 1
1.55571 1381
0.00305263 1
0.0594606 37
0.0326164 7
0.0265235 9
1.24685 507
0.276685 25
0.0304403 7
0.0710491 11
5.77518 957
0.431629 43
0.00966104 9
0.0572478 9
0.0110347 5
0.00451068 1
0.00818399 5
60 0
0.0163064 9
0.0502618 9
0.00421612 3
0.0205901 22
0.0414005 23
0.0888256 145
60 0
0.580499 13
0.0436073 45
0.0333541 13
0.00779826 5
0.00718886 3
0.00848476 5
0.0139995 7
0.00196145 3
0.670088 123
0.024744 37
0.0973124 235
60 0
0.00737784 11
0.420238 83
60 0
0.0197213 9
0.0958585 157
0.0577138 11
0.0505853 5
0.0158534 35
0.0258135 19
0.00586853 3
60 0
2.01032 294
0.618493 409
0.646117 709
0.00225884 1
0.598014 339
0.00927403 9
0.0065319 5
