0.150128 81
0.0108238 9
1.09213 197
49.6272 32275
0.653834 111
60 0
60 0
0.0610126 67
0.00222129 1
60 0
0.0235487 21
0.0751852 69
0.337831 364
22.405 7623
0.0104351 5
3.50368 2434
0.0513013 23
0.0387918 29
0.00694882 7
0.251646 281
0.00457575 1
0.243691 81
0.260186 471
0.00194292 1
0.00521303 5
7.37024 1618
0.0214755 25
0.00687585 5
9.90854 5931
0.0258053 25
0.00627209 3
42.249 14971
0.013227 19
0.0482835 13
0.00219311 1
5.33093 3536
0.0186967 5
60 0
1.4684 205
5.54665 371
0.0185422 13
0.0538864 31
0.651247 643
60 0
48.5847 38128
0.0150482 3
0.0222197 15
60 0
60 0
0.0146019 15
0.00384015 1
0.0899969 5
19.4201 7721
3.3538 2065
8.21142 2897
0.0118257 9
0.500104 563
0.103938 39
0.152224 61
0.0125657 19
0.0393407 41
0.0378245 32
38.4087 10633
0.139468 107
0.0296952 15
0.00911963 5
1.47944 2127
0.00968617 11
2.08282 667
0.22682 301
0.855883 463
0.035707 13
0.589885 481
0.00377452 3
0.0341063 35
0.04917 25
0.202703 293
0.169012 27
60 0
60 0
60 0
0.00821994 9
0.00931597 13
60 0
13.2678 6946
0.0229234 15
60 0
0.0234321 27
27.6519 11043
0.0166055 13
0.112565 31
3.19452 679
0.0111504 9
0.0270112 25
1.18185 889
0.934372 1008
0.422036 119
0.00541866 3
0.138341 75
16.8636 20977
