0.106984 87
0.00633681 3
0.0573273 27
30 0
3.11124 3944
0.0376427 5
0.0118966 15
0.0735012 11
0.0891342 77
0.0101246 7
30 0
30 0
30 0
0.153887 85
12.6235 4134
0.0167571 9
0.0293982 27
11.7917 4961
5.55916 1973
9.4276 13371
0.0820056 9
16.5713 6154
0.0121212 7
0.107884 105
0.0119383 7
30 0
0.0204678 15
0.016805 17
0.111663 21
0.827745 667
0.0522421 59
0.829204 191
23.3012 21053
0.00731647 9
0.63305 307
8.09722 3464
0.0901833 63
30 0
0.422034 233
0.287503 289
30 0
0.0160998 9
30 0
0.238224 286
30 0
0.0300315 11
0.00273969 3
30 0
6.22328 2613
0.0731945 51
8.90045 8737
0.234254 249
0.00640004 7
0.0812747 9
0.0692992 31
16.6374 7831
3.83541 1823
0.0120105 9
30 0
0.0699918 96
30 0
0.0517357 39
30 0
30 0
0.0105224 9
21.2934 13175
7.78436 9175
30 0
0.0481655 21
0.117347 25
30 0
0.121225 57
0.0935256 115
0.00850819 9
29.9826 29343
30 0
10.8701 4489
0.00389 3
0.379149 82
0.00701814 7
16.5726 5439
30 0
0.153369 83
0.0528336 15
0.0374166 7
0.00261125 1
30 0
1.71791 1741
30 0
0.410561 389
8.81933 16244
0.0135782 15
30 0
0.0192848 26
0.0094832 7
0.473924 107
0.310586 211
0.0409342 15
0.205014 273
2.72592 1743
