1.14941 152
0.480616 220
0.294364 69
0.265935 304
6.6739 2604
0.229047 193
24.4199 4871
15.3175 1933
0.00494529 3
0.0552843 21
0.00686513 6
1.06531 241
11.5478 6789
2.01122 1072
1.64049 332
2.14996 1364
0.140222 48
0.00289528 3
0.00432994 5
0.0868602 67
30 0
30 0
4.18344 2495
0.34152 108
8.57694 1261
0.0301829 37
0.236064 74
0.00867728 6
0.116914 70
6.82765 4075
0.0422433 9
0.102732 35
1.61321 970
0.295627 54
0.0608964 48
16.7237 5009
1.89277 763
5.73272 1899
0.0444262 23
1.36905 1271
5.04314 230
1.0949 272
1.88548 1018
0.0611306 25
0.336532 243
0.298606 85
30 0
0.0780409 21
0.35234 288
0.818237 619
0.00353405 1
0.0153616 15
0.0154663 5
1.42494 726
0.692623 205
0.0143609 7
13.0936 2665
0.0139357 7
1.49211 224
0.252691 34
0.0682938 23
0.19092 66
0.123914 88
0.590985 333
0.294136 48
3.21694 935
0.441339 165
0.563349 273
0.0331873 39
0.166854 19
0.0680414 31
1.69713 173
0.303071 55
30 0
0.542943 148
30 0
4.18911 947
0.130469 109
0.212916 59
0.826087 119
0.910095 424
0.0922034 8
1.64132 309
4.70721 1093
7.09608 1023
6.40031 2471
0.647633 124
0.0475096 33
3.44756 1790
30 0
0.0330876 17
3.00318 766
0.309066 20
1.24602 404
0.0728664 37
10.5487 2521
22.2115 3473
0.567528 268
1.402 183
0.0335284 16
