0.00696385 3
0.00193372 1
0.0107291 3
0.0632222 6
0.0036164 3
0.00170284 1
0.00107902 1
0.000947871 1
0.00155981 1
0.116026 8
0.00079115 1
0.00259717 5
0.00763722 5
0.00768195 5
0.00245758 1
0.00148756 1
0.00129455 1
0.00189665 1
0.000842414 1
0.0017579 1
0.00241011 5
0.00106985 1
0.00132595 1
0.00142691 1
0.104547 17
0.00250377 1
0.12852 15
0.00456051 3
0.0863033 43
0.00143834 1
0.00658486 7
0.00186498 1
0.00736915 13
0.0026268 3
0.00245139 1
0.00240565 3
0.014108 7
0.00115718 1
0.00196932 1
0.00350152 3
0.00155355 1
0.0015762 1
0.0150286 27
0.0681829 33
0.00234755 1
0.0017174 3
0.00433847 3
0.00202228 3
0.00488152 3
0.00153212 1
0.0482999 27
0.00264464 1
0.00229978 1
0.00159193 1
0.657749 43
0.00559467 5
0.00168219 1
0.00448504 6
0.00107627 1
0.00207816 1
0.0209048 6
0.00469102 3
0.00175596 1
0.00123623 1
0.00155534 1
0.00184442 1
0.00448885 3
0.00295212 5
0.00104163 1
0.0126673 11
0.00276793 3
0.00102487 1
0.00202184 1
0.0012466 1
0.029105 9
0.00429906 3
0.00078012 1
0.000680894 1
0.00233988 1
0.00187481 1
0.0195358 7
0.0208434 3
0.00463669 5
0.00149502 1
0.00106967 1
0.0302894 7
0.0317262 10
0.0037563 3
0.042856 7
0.00281255 3
0.00181524 3
0.00117038 1
0.000753318 1
0.0046676 3
0.00209602 1
0.00129897 1
0.0043923 5
0.000872108 1
0.00468118 3
0.0208728 7
