0.023476 19
0.00187071 1
0.00122551 1
0.00118586 1
0.00282461 1
0.00302449 1
0.0134487 13
0.0364672 20
0.0262241 14
0.00176019 1
0.0019193 1
0.00236496 1
0.00431858 3
0.0019539 1
0.0121531 9
0.00427913 3
0.00157518 1
0.0060056 11
0.0023538 1
0.00116057 1
0.00219258 1
0.00861891 3
0.00415489 5
0.0128762 7
0.00119967 1
0.00526338 3
0.0487232 9
0.0354173 33
0.00692446 5
0.0034969 1
0.0117693 7
0.00533985 3
0.00627259 3
0.177185 27
0.271894 91
0.0115199 11
0.00174355 1
0.00735359 7
0.00607127 5
0.00227337 3
0.00513735 3
0.00160447 1
0.0185962 3
0.0330988 9
0.0425755 37
0.00246738 1
0.00298154 3
0.00123845 1
0.0217516 27
0.00439781 3
0.0170349 13
0.00310009 3
0.0129884 27
0.0105202 5
0.0158439 13
0.00204929 3
0.0817941 15
0.00264105 1
0.0820386 11
0.131687 13
0.023547 13
0.00184794 1
0.00721543 3
0.0220517 7
0.0831334 16
0.00423735 5
0.00854834 5
0.013031 3
0.00180725 1
0.00139267 1
0.00826298 5
0.0140493 3
0.00131651 1
0.00156666 1
0.0799977 6
0.0153582 13
0.00148462 1
0.008339 7
0.0195217 8
0.0508005 13
0.00505538 5
0.00344724 3
0.012142 11
0.0042125 5
0.00175971 1
0.00330782 3
0.00639675 5
0.0186048 19
0.0430501 16
0.267612 39
0.0581254 10
0.00448325 5
0.258273 86
0.00754082 7
0.00191472 1
0.00181543 1
0.00695649 5
0.0205138 21
0.0111622 11
0.00224435 1
