0.00294711 1
0.00235878 1
0.0133167 19
0.0023133 1
0.00524108 7
0.0384232 18
0.0248838 11
22.7438 2906
0.106116 16
0.160236 54
0.00643721 11
0.0429484 10
1.46446 350
0.00217569 3
0.0121511 9
0.00494571 5
0.0363903 7
0.00982978 5
0.00505869 7
0.0318341 5
0.00339429 3
0.0354954 8
0.00260013 1
0.00145793 1
0.00260332 1
0.325952 123
0.113513 20
0.854723 155
0.0189614 3
0.00221457 3
0.113787 19
0.0380147 28
0.00612531 3
0.0131733 30
0.506109 189
0.00905894 13
0.00126181 1
0.0166707 7
0.0186107 16
0.111196 20
0.0707644 14
0.00321749 3
0.00440196 3
0.093945 18
0.0807152 162
0.0118237 5
0.301454 99
0.0103724 7
0.00475749 7
0.00565371 8
0.00466588 5
0.00536611 7
0.00867774 3
0.0380514 21
0.00157158 1
0.371681 103
0.0243002 6
0.00974313 7
0.00524037 5
0.00115302 1
0.0123464 5
0.0331937 11
0.00209062 1
0.0965157 60
0.0870046 27
0.00287117 1
0.00340595 3
0.00152521 1
0.00443194 3
0.0209138 22
0.029567 13
0.00670679 9
0.00388441 3
0.00213513 1
0.00553967 3
0.00580481 3
0.00282083 1
0.0473924 34
0.00894633 7
0.100171 44
0.00228891 1
0.00413093 3
0.0111448 5
0.0138749 15
1.77296 620
0.0150672 19
0.00582606 7
0.00316688 3
0.00453384 3
0.399804 295
3.68719 943
0.0673922 34
0.0922379 35
0.0213592 15
0.143257 14
0.0112784 12
0.0107576 12
0.00218461 3
0.0299616 10
1.14134 140
