0.050449 11
0.0834466 78
0.0524588 26
0.00346653 1
0.0202026 7
0.0190803 3
0.0565439 20
0.00435859 3
0.455363 68
0.0493731 24
0.207818 154
0.206609 23
0.00532381 3
0.00469338 5
0.0782263 20
0.0307528 3
0.00476372 3
0.00233156 1
0.00479691 3
0.173867 61
0.00321075 1
0.0071058 5
0.00409253 3
0.040281 16
0.0129238 11
0.0129622 7
0.00550492 6
0.0153212 9
0.0163443 9
0.281844 90
0.193734 72
0.00318976 1
0.00998053 19
0.324103 94
0.00181244 1
0.0102016 19
0.0176152 17
0.0245686 11
0.00211826 1
0.268523 55
0.131148 50
0.0248735 29
0.0631478 25
0.0322736 19
0.0494696 41
0.00282247 1
0.104003 101
0.00305045 1
0.035445 20
0.0270456 7
0.0230886 9
0.292333 74
0.217596 15
0.0263627 7
0.0656944 8
1.33843 134
0.270162 32
0.00882527 7
0.0417164 9
0.0100264 5
0.00392151 1
0.00781902 5
3.27953 317
0.0108469 5
0.0582164 7
0.00393213 3
0.00688387 7
0.0123418 7
0.0146656 22
1.05139 426
0.0179474 8
0.100555 75
0.0290447 11
0.00760923 5
0.00549732 3
0.0064439 5
0.0132621 7
0.00206855 3
0.582789 59
0.0135438 17
0.00989653 17
35.1099 6868
0.101739 7
0.35924 31
0.769725 169
0.0173814 9
0.0112835 17
0.0601339 8
0.0433725 5
0.00565402 14
0.014941 9
0.00485328 3
2.84116 583
0.830585 99
0.0953896 46
0.195965 124
0.00437863 1
0.290087 61
0.0170359 9
0.0113141 5
