0.284429 37
0.0301252 13
2.15197 117
0.837177 220
7.86977 619
31.6556 6567
1.2181 382
0.0228947 25
0.00200323 1
1.84089 295
0.0251518 15
0.0444272 36
0.0476455 39
0.446368 152
0.00704551 5
0.208889 84
1.27525 211
0.0340657 25
0.00741623 7
0.086264 71
0.00321402 1
0.133005 38
0.0485474 77
0.00230513 1
0.00579376 5
1.7413 267
0.0129166 10
0.00627144 5
0.113552 66
0.02015 16
0.0058992 3
1.01413 350
0.00831151 10
0.035498 10
0.00239246 1
1.9251 624
0.0175835 5
3.78448 1181
0.0933201 30
1.40842 79
0.0195404 12
0.0273981 11
0.0673592 54
1.93409 342
0.686809 349
0.0153199 3
0.0220091 15
60 0
0.988143 467
0.0175402 19
0.0034043 1
0.0834097 5
0.709672 182
0.322534 79
0.440031 107
0.0133345 9
0.0619614 53
0.0940327 29
0.0400082 21
0.0110116 13
0.0194966 15
0.642326 161
1.78314 404
0.0566157 34
0.0202268 13
0.00666853 5
0.0776103 68
0.00992084 7
0.520397 100
0.0338626 42
0.219821 69
0.0351824 9
0.108032 58
0.00340206 3
0.0262466 23
1.04671 202
0.0474237 51
0.196229 20
1.70914 433
52.3323 4773
0.595724 175
0.00885206 7
0.00784365 9
2.54204 857
0.841221 318
0.0188069 10
2.43512 611
0.0182699 15
1.84381 550
0.0151045 13
0.0780199 21
0.435809 83
0.00971994 9
0.025405 23
0.131628 66
0.206432 156
0.251218 61
0.00554006 3
0.0692358 32
0.164511 180
