0.0603565 34
0.00643058 3
0.0865468 14
1.1917 1308
0.148881 155
0.0493214 5
0.0210338 14
0.0962742 11
0.0457745 19
0.00944198 5
3.15195 1282
0.68374 318
21.8182 1719
0.120279 49
1.50148 291
0.0125405 9
0.015443 13
0.409763 105
2.5488 406
0.33522 441
0.080971 9
1.04777 356
0.010731 7
0.0297457 24
0.00556738 3
1.63486 415
0.0183031 11
0.0150875 13
0.0729607 17
0.12359 95
0.0860862 64
0.394831 74
0.376125 363
0.00562218 5
0.132373 51
0.330313 84
0.054273 28
20.2323 2958
0.216646 78
0.0515294 63
0.693796 121
0.0157239 9
6.98257 1024
3.33897 1691
1.70721 630
0.0461996 17
0.00304287 3
2.55419 1301
0.363062 168
0.0221475 21
0.105418 117
0.0653778 42
0.00733784 7
0.0779249 9
0.0260724 11
0.331824 105
0.467279 213
0.00549556 3
1.08726 745
0.0516377 66
21.2267 3123
0.0277751 16
0.803574 229
8.82982 3007
0.0104388 9
0.379778 161
0.210618 118
0.91153 1038
0.0428972 19
0.125795 19
0.73959 606
0.0933024 34
0.017943 25
0.0110822 8
0.665792 587
1.83119 433
25.0545 4339
0.00395591 3
0.0811945 27
0.00626541 7
1.00998 191
4.34868 1792
0.136648 44
0.0497179 11
0.038083 7
0.00263744 1
2.24089 401
0.284647 187
30 0
2.90549 999
0.141277 258
0.0157741 15
2.7472 890
0.0126185 16
0.00877674 7
0.172056 24
0.06159 38
0.038625 11
0.0790462 75
0.223787 52
