455 437
454 437
453 437
452 437
451 437
450 437
450 436
450 435
450 434
450 433
450 432
450 431
450 430
450 429
450 428
450 427
450 426
450 425
450 424
450 423
450 422
450 421
450 420
450 419
450 418
450 417
450 416
450 415
450 414
450 413
450 412
450 411
450 410
450 409
450 408
450 407
450 406
450 405
450 404
450 403
450 402
450 401
450 400
450 399
450 398
450 397
450 396
450 395
450 394
450 393
450 392
450 391
450 390
450 389
450 388
450 387
450 386
450 385
450 384
450 383
450 382
450 381
450 380
450 379
450 378
450 377
450 376
450 375
450 374
450 373
450 372
450 371
450 370
450 369
450 368
450 367
450 366
450 365
450 364
450 363
450 362
450 361
451 361
451 360
452 360
452 359
452 358
453 358
453 357
454 357
454 356
454 355
454 354
455 354
456 354
456 353
457 353
457 352
457 351
458 351
458 350
459 350
459 349
460 349
460 348
461 348
462 348
463 348
463 347
464 347
465 347
466 347
466 346
466 345
466 344
466 343
466 342
466 341
466 340
466 339
466 338
466 337
466 336
466 335
466 334
466 333
466 332
466 331
466 330
466 329
466 328
466 327
466 326
466 325
466 324
466 323
466 322
466 321
466 320
466 319
466 318
466 317
466 316
466 315
466 314
466 313
466 312
466 311
466 310
466 309
466 308
466 307
466 306
466 305
466 304
466 303
466 302
466 301
466 300
466 299
466 298
466 297
466 296
466 295
466 294
466 293
466 292
466 291
466 290
466 289
466 288
466 287
466 286
466 285
466 284
466 283
466 282
466 281
466 280
466 279
466 278
466 277
466 276
466 275
466 274
466 273
466 272
466 271
466 270
466 269
466 268
466 267
466 266
466 265
466 264
466 263
466 262
466 261
466 260
466 259
466 258
466 257
466 256
466 255
466 254
466 253
466 252
466 251
466 250
466 249
466 248
466 247
466 246
466 245
466 244
466 243
466 242
466 241
466 240
465 240
464 240
463 240
462 240
461 240
460 240
459 240
458 240
457 240
456 240
455 240
454 240
453 240
452 240
451 240
450 240
449 240
448 240
447 240
446 240
445 240
444 240
443 240
442 240
441 240
440 240
439 240
438 240
437 240
436 240
435 240
434 240
433 240
432 240
431 240
430 240
429 240
428 240
427 240
426 240
425 240
425 239
424 239
423 239
422 239
421 239
420 239
419 239
418 239
417 239
416 239
415 239
414 239
413 239
412 239
411 239
410 239
409 239
408 239
407 239
406 239
405 239
404 239
403 239
402 239
401 239
400 239
399 239
398 239
397 239
396 239
395 239
394 239
393 239
392 239
391 239
390 239
389 239
388 239
387 239
386 239
385 239
384 239
383 239
382 239
381 239
380 239
379 239
378 239
377 239
376 239
375 239
374 239
373 239
372 239
371 239
370 239
369 239
368 239
367 239
366 239
365 239
364 239
363 239
362 239
361 239
360 239
359 239
358 239
357 239
356 239
355 239
354 239
353 239
352 239
351 239
350 239
349 239
348 239
347 239
346 239
345 239
344 239
343 239
342 239
341 239
340 239
339 239
338 239
337 239
336 239
335 239
334 239
333 239
332 239
331 239
330 239
329 239
328 239
327 239
326 239
325 239
324 239
323 239
322 239
321 239
320 239
319 239
318 239
317 239
316 239
315 239
314 239
313 239
312 239
311 239
310 239
309 239
308 239
307 239
306 239
305 239
304 239
303 239
302 239
301 239
300 239
299 239
298 239
297 239
296 239
295 239
294 239
293 239
292 239
291 239
290 239
289 239
288 239
287 239
286 239
285 239
284 239
283 239
282 239
281 239
280 239
279 239
278 239
277 239
276 239
275 239
274 239
273 239
272 239
271 239
270 239
269 239
268 239
267 239
266 239
265 239
264 239
263 239
262 239
261 239
260 239
259 239
258 239
257 239
257 238
257 237
257 236
257 235
257 234
257 233
257 232
257 231
257 230
257 229
257 228
257 227
257 226
257 225
257 224
257 223
257 222
257 221
257 220
257 219
257 218
257 217
257 216
257 215
257 214
257 213
257 212
257 211
257 210
257 209
257 208
257 207
257 206
257 205
257 204
257 203
257 202
257 201
257 200
257 199
257 198
257 197
257 196
257 195
257 194
257 193
257 192
257 191
257 190
257 189
257 188
257 187
257 186
257 185
257 184
257 183
257 182
257 181
257 180
257 179
257 178
257 177
257 176
257 175
257 174
257 173
257 172
257 171
257 170
257 169
257 168
257 167
257 166
257 165
257 164
257 163
257 162
257 161
257 160
257 159
257 158
257 157
257 156
257 155
257 154
257 153
257 152
257 151
257 150
256 150
255 150
254 150
253 150
252 150
251 150
250 150
249 150
248 150
247 150
246 150
245 150
244 150
243 150
242 150
242 149
242 148
242 147
242 146
242 145
242 144
241 144
240 144
239 144
238 144
237 144
236 144
236 143
236 142
236 141
235 141
234 141
233 141
232 141
231 141
230 141
229 141
228 141
227 141
226 141
225 141
224 141
223 141
222 141
221 141
220 141
219 141
218 141
217 141
216 141
215 141
214 141
213 141
212 141
211 141
210 141
209 141
208 141
207 141
206 141
205 141
204 141
203 141
202 141
201 141
200 141
199 141
198 141
197 141
196 141
195 141
194 141
193 141
192 141
191 141
190 141
189 141
188 141
187 141
186 141
185 141
184 141
183 141
182 141
181 141
180 141
179 141
178 141
177 141
176 141
175 141
174 141
173 141
172 141
171 141
170 141
169 141
168 141
167 141
166 141
165 141
164 141
163 141
162 141
161 141
160 141
159 141
158 141
157 141
156 141
155 141
154 141
153 141
152 141
151 141
150 141
149 141
148 141
147 141
146 141
145 141
144 141
143 141
142 141
141 141
140 141
139 141
138 141
137 141
136 141
135 141
134 141
133 141
132 141
131 141
130 141
129 141
128 141
127 141
126 141
125 141
124 141
123 141
122 141
121 141
120 141
119 141
118 141
117 141
116 141
115 141
114 141
113 141
112 141
111 141
110 141
109 141
108 141
107 141
106 141
105 141
104 141
103 141
102 141
101 141
100 141
99 141
98 141
97 141
96 141
95 141
94 141
93 141
92 141
91 141
90 141
89 141
88 141
87 141
86 141
85 141
84 141
83 141
82 141
81 141
80 141
79 141
78 141
77 141
76 141
75 141
74 141
73 141
72 141
71 141
70 141
69 141
68 141
67 141
66 141
65 141
64 141
63 141
62 141
61 141
60 141
59 141
58 141
57 141
56 141
55 141
54 141
53 141
52 141
51 141
50 141
49 141
48 141
47 141
47 140
47 139
47 138
47 137
47 136
47 135
47 134
47 133
47 132
47 131
47 130
47 129
47 128
47 127
47 126
47 125
47 124
47 123
47 122
47 121
47 120
47 119
